37
36
34
34
38
35
34
30
26
25
28
25
20
19
22
24
26
23
23
17
15
14
14
11
9
10
13
11
7
7
8
10
10
7
9
9
6
3
4
4
-1
0
0
-1
-3
-2
-2
-3
-6
-9
-7
-8
-9
-12
-15
-16
-11
-11
-11
-14
-11
-11
-12
-13
-13
-12
-11
-9
-2
-6
-5
-5
-3
-3
1
2
4
3
4
5
9
8
6
10
14
17
23
23
24
27
28
29
32
34
37
42
46
49
47
48
50
52
54
56
57
56
53
56
59
59
62
66
67
64
63
63
67
71
72
67
65
63
64
65
69
70
70
70
70
66
66
64
64
61
60
61
63
59
58
57
56
60
62
61
57
59
63
61
58
56
56
58
57
52
49
49
51
46
42
40
36
31
28
29
26
26
23
24
25
24
24
13
-11
-29
-29
-5
34
76
98
78
12
-76
-163
-216
-210
-151
-80
-32
-28
-73
-148
-238
-335
-425
-480
-466
-371
-219
-76
-19
-84
-279
-560
-845
-1064
-1147
-1059
-787
-367
131
601
994
1289
1528
1715
1833
1873
1876
1915
2055
2281
2520
2707
2805
2836
2851
2885
2920
2911
2808
2625
2410
2206
2015
1823
1626
1459
1382
1406
1476
1520
1466
1244
832
234
-535
-1417
-2294
-3028
-3503
-3721
-3797
-3886
-4045
-4234
-4387
-4513
-4678
-4943
-5262
-5555
-5770
-5903
-5982
-6035
-6050
-5991
-5783
-5372
-4771
-4054
-3354
-2772
-2337
-2049
-1902
-1841
-1752
-1508
-1057
-470
125
624
985
1250
1480
1689
1879
2022
2150
2349
2692
3145
3582
3849
3895
3829
3823
3940
4118
4257
4330
4369
4422
4488
4490
4356
4065
3654
3199
2751
2308
1837
1322
798
319
-93
-427
-640
-639
-354
169
776
1272
1522
1468
1126
569
-122
-825
-1444
-1928
-2250
-2380
-2309
-2117
-1933
-1858
-1911
-2031
-2164
-2300
-2474
-2727
-3093
-3583
-4151
-4674
-5005
-5033
-4744
-4239
-3652
-3103
-2668
-2340
-2059
-1771
-1477
-1216
-979
-691
-247
345
952
1419
1667
1732
1716
1700
1719
1800
1944
2166
2454
2753
2997
3143
3219
3342
3583
3925
4281
4593
4889
5209
5524
5733
5721
5495
5202
4961
4798
4643
4380
3932
3303
2593
1961
1521
1311
1304
1502
1911
2481
3067
3494
3631
3434
2957
2325
1651
1029
512
121
-152
-336
-466
-596
-768
-929
-1030
-1051
-1097
-1322
-1854
-2654
-3570
-4450
-5243
-5933
-6502
-6879
-7012
-6877
-6559
-6219
-6009
-5957
-5975
-5930
-5744
-5425
-5002
-4494
-3921
-3374
-2963
-2734
-2636
-2544
-2396
-2221
-2044
-1834
-1518
-1105
-680
-342
-123
30
216
546
1097
1883
2810
3735
4556
5265
5895
6487
7024
7489
7868
8145
8265
8154
7780
7186
6459
5698
4997
4455
4157
4152
4445
4984
5666
6294
6659
6653
6344
5928
5519
5105
4571
3855
3036
2255
1617
1138
762
410
16
-417
-879
-1403
-2104
-3079
-4322
-5686
-7040
-8300
-9454
-10433
-11145
-11571
-11812
-12020
-12256
-12481
-12621
-12624
-12480
-12181
-11724
-11137
-10473
-9795
-9140
-8544
-8049
-7657
-7296
-6849
-6250
-5515
-4728
-3985
-3362
-2884
-2514
-2169
-1743
-1143
-360
568
1596
2661
3712
4732
5748
6808
7909
8991
9978
10831
11522
11975
12075
11718
10940
9923
8932
8198
7806
7709
7789
7956
8184
8449
8691
8794
8658
8293
7804
7251
6632
5897
5051
4201
3441
2785
2183
1606
1092
659
247
-268
-1011
-2024
-3269
-4628
-5975
-7217
-8352
-9376
-10294
-11062
-11627
-11999
-12246
-12431
-12571
-12637
-12534
-12195
-11617
-10874
-10120
-9485
-9002
-8627
-8269
-7868
-7375
-6760
-6014
-5179
-4359
-3655
-3092
-2617
-2173
-1721
-1260
-794
-303
266
948
1733
2575
3402
4211
5080
6151
7482
8936
10260
11251
11832
12004
11798
11274
10534
9755
9098
8630
8321
8159
8163
8357
8689
9041
9305
9413
9350
9159
8885
8528
8051
7430
6713
6026
5500
5173
4979
4802
4555
4189
3660
2943
2024
916
-348
-1722
-3134
-4489
-5726
-6847
-7903
-8918
-9878
-10757
-11546
-12225
-12740
-13006
-12971
-12690
-12314
-11993
-11778
-11641
-11499
-11250
-10869
-10410
-9927
-9438
-8875
-8194
-7475
-6867
-6445
-6155
-5843
-5408
-4868
-4308
-3774
-3258
-2723
-2135
-1434
-525
685
2216
3978
5794
7485
8917
10014
10781
11232
11382
11288
11041
10770
10608
10618
10783
11061
11432
11880
12385
12896
13353
13687
13845
13783
13498
13044
12504
11944
11407
10921
10508
10182
9904
9599
9201
8656
7925
6964
5755
4337
2812
1288
-142
-1453
-2715
-4032
-5473
-7006
-8473
-9721
-10709
-11510
-12200
-12764
-13125
-13298
-13397
-13571
-13866
-14205
-14464
-14562
-14469
-14214
-13846
-13412
-12965
-12551
-12201
-11890
-11544
-11091
-10523
-9910
-9360
-8928
-8572
-8197
-7707
-7031
-6120
-4942
-3473
-1733
183
2144
3996
5599
6833
7677
8210
8568
8839
9037
9166
9248
9338
9498
9766
10157
10657
11226
11778
12235
12558
12712
12683
12465
12100
11658
11200
10753
10377
10146
10108
10188
10190
9927
9357
8562
7638
6622
5504
4274
2960
1584
134
-1432
-3102
-4805
-6450
-7939
-9214
-10260
-11089
-11718
-12169
-12497
-12804
-13182
-13614
-13985
-14165
-14113
-13898
-13645
-13426
-13249
-13076
-12870
-12581
-12202
-11748
-11266
-10802
-10368
-9972
-9638
-9403
-9254
-9088
-8758
-8153
-7214
-5951
-4407
-2663
-830
980
2689
4232
5551
6620
7456
8113
8642
9041
9316
9535
9826
10262
10810
11392
11988
12654
13415
14177
14766
15056
15030
14772
14410
14064
13795
13625
13553
13572
13629
13644
13540
13277
12844
12270
11569
10729
9743
8638
7428
6070
4485
2651
643
-1357
-3174
-4715
-5992
-7054
-7990
-8868
-9739
-10583
-11361
-12029
-12580
-13018
-13344
-13543
-13642
-13685
-13711
-13730
-13721
-13642
-13464
-13153
-12720
-12243
-11840
-11591
-11503
-11543
-11659
-11791
-11815
-11586
-11004
-10094
-8945
-7617
-6103
-4402
-2595
-850
674
1928
2968
3883
4721
5461
6052
6486
6833
7212
7739
8443
9306
10276
11284
12229
12988
13481
13710
13755
13692
13568
13417
13298
13269
13341
13458
13526
13484
13302
12984
12554
12076
11581
11053
10382
9434
8141
6511
4635
2645
684
-1131
-2745
-4199
-5529
-6758
-7880
-8900
-9866
-10809
-11674
-12380
-12895
